obsFrequencies = [ 1, 7, 6, 10, 9, 16, 14, 15, 34, 24, 31, 26, 44, 51, 41, 54, 50, 36, 63, 68, 57, 63, 70, 69, 68, 71, 65, 74, 75, 68, 49, 54, 71, 57, 55, 53, 44, 44, 49, 28, 35, 36, 31, 15, 19, 17, 14, 11, 4, 3, 3; 8, 16, 30, 21, 37, 52, 54, 75, 88, 80, 74, 101, 111, 122, 144, 143, 145, 168, 189, 176, 182, 198, 178, 222, 247, 243, 243, 231, 209, 195, 181, 178, 161, 182, 177, 140, 134, 136, 116, 98, 87, 78, 77, 79, 61, 43, 42, 35, 20, 16, 5; 8, 16, 35, 57, 72, 71, 104, 121, 124, 138, 150, 181, 201, 205, 250, 240, 253, 266, 273, 298, 323, 356, 310, 330, 384, 400, 370, 365, 363, 328, 351, 307, 316, 259, 255, 241, 249, 255, 190, 188, 159, 141, 128, 123, 104, 72, 63, 44, 45, 25, 6; 11, 29, 66, 70, 83, 113, 144, 159, 181, 208, 240, 233, 290, 301, 322, 347, 353, 402, 445, 439, 400, 465, 537, 508, 522, 524, 534, 517, 515, 430, 437, 371, 390, 403, 378, 368, 311, 295, 279, 245, 190, 205, 170, 139, 133, 116, 92, 84, 46, 36, 7; 10, 32, 82, 98, 107, 140, 160, 206, 232, 267, 301, 343, 394, 387, 379, 407, 477, 493, 472, 561, 564, 553, 595, 629, 651, 703, 693, 655, 640, 605, 497, 521, 460, 529, 440, 429, 385, 338, 371, 287, 268, 246, 236, 204, 170, 144, 113, 106, 78, 33, 17; 18, 40, 76, 138, 153, 187, 231, 259, 267, 306, 381, 384, 461, 464, 505, 546, 546, 592, 639, 704, 701, 735, 752, 805, 850, 800, 882, 747, 805, 748, 721, 647, 602, 549, 589, 511, 481, 467, 410, 423, 326, 352, 270, 241, 217, 174, 156, 131, 71, 58, 15; 21, 63, 86, 151, 206, 219, 279, 302, 347, 387, 426, 488, 490, 546, 554, 584, 690, 730, 780, 781, 875, 824, 913, 1012, 934, 1011, 913, 904, 894, 802, 840, 764, 749, 708, 615, 637, 618, 540, 520, 456, 404, 380, 317, 302, 262, 233, 162, 131, 88, 50, 22; 28, 66, 139, 166, 189, 243, 312, 311, 415, 420, 478, 519, 584, 627, 659, 739, 778, 814, 846, 957, 968, 975, 1025, 1065, 1139, 1128, 1140, 1082, 972, 965, 917, 1008, 848, 815, 787, 681, 683, 642, 571, 507, 463, 410, 380, 323, 354, 266, 186, 155, 121, 63, 23; 29, 70, 126, 173, 238, 285, 356, 389, 469, 486, 537, 553, 652, 731, 766, 826, 880, 892, 979, 1021, 1069, 1074, 1242, 1276, 1264, 1390, 1184, 1259, 1202, 1098, 1060, 1036, 921, 922, 856, 816, 749, 738, 668, 611, 573, 495, 459, 371, 323, 279, 241, 162, 114, 68, 29; 38, 85, 130, 237, 255, 331, 393, 421, 512, 542, 592, 668, 755, 718, 886, 936, 986, 990, 1060, 1154, 1205, 1235, 1329, 1402, 1430, 1502, 1444, 1390, 1334, 1241, 1174, 1119, 1079, 995, 995, 890, 860, 777, 704, 678, 606, 548, 500, 440, 355, 302, 254, 191, 157, 89, 28; 33, 94, 161, 222, 302, 328, 447, 486, 540, 610, 707, 762, 809, 827, 986, 1015, 1032, 1054, 1227, 1231, 1322, 1347, 1418, 1585, 1618, 1667, 1527, 1574, 1526, 1391, 1312, 1240, 1192, 1103, 1062, 1029, 912, 913, 790, 753, 680, 602, 533, 469, 421, 352, 318, 225, 170, 110, 35; 42, 110, 178, 235, 350, 397, 498, 481, 585, 678, 725, 792, 850, 943, 1018, 1090, 1162, 1273, 1307, 1354, 1484, 1515, 1548, 1529, 1682, 1775, 1777, 1711, 1576, 1572, 1487, 1424, 1271, 1234, 1178, 1130, 1070, 915, 857, 798, 708, 731, 558, 541, 441, 370, 304, 234, 169, 112, 33; 35, 118, 197, 278, 340, 430, 519, 535, 649, 774, 764, 868, 960, 1072, 1055, 1199, 1319, 1337, 1445, 1491, 1617, 1648, 1713, 1883, 1947, 2010, 1868, 1793, 1742, 1648, 1598, 1522, 1428, 1385, 1333, 1205, 1052, 1010, 1031, 932, 819, 771, 653, 568, 520, 429, 369, 274, 203, 97, 29; 38, 128, 192, 310, 370, 478, 528, 618, 722, 776, 862, 937, 1043, 1093, 1195, 1294, 1334, 1478, 1557, 1646, 1715, 1781, 1834, 1951, 2033, 2020, 2006, 1967, 1841, 1767, 1631, 1621, 1576, 1442, 1404, 1251, 1241, 1098, 1028, 950, 876, 770, 677, 548, 559, 471, 349, 279, 199, 121, 36; 52, 126, 209, 308, 384, 467, 572, 652, 742, 857, 947, 1046, 1071, 1176, 1258, 1354, 1455, 1512, 1635, 1734, 1793, 1946, 2056, 2102, 2240, 2186, 2136, 2045, 2055, 1953, 1798, 1765, 1668, 1503, 1506, 1335, 1329, 1240, 1144, 1077, 946, 828, 777, 600, 574, 481, 401, 302, 220, 153, 42; 49, 145, 249, 346, 413, 529, 604, 740, 812, 944, 985, 1096, 1173, 1266, 1408, 1457, 1542, 1698, 1754, 1810, 1865, 1983, 2161, 2228, 2316, 2326, 2348, 2230, 2137, 2109, 1923, 1849, 1806, 1697, 1599, 1526, 1427, 1322, 1209, 1107, 1014, 934, 805, 689, 602, 524, 421, 327, 232, 161, 28; 56, 141, 237, 366, 441, 573, 637, 763, 839, 949, 1065, 1204, 1267, 1376, 1501, 1526, 1686, 1767, 1838, 1952, 2087, 2191, 2277, 2374, 2483, 2519, 2440, 2360, 2299, 2183, 2078, 2002, 1836, 1796, 1656, 1615, 1436, 1319, 1303, 1078, 1039, 977, 858, 796, 654, 557, 462, 324, 248, 140, 53; 43, 177, 291, 375, 472, 644, 699, 818, 916, 1044, 1057, 1242, 1359, 1488, 1515, 1748, 1779, 1908, 1987, 2107, 2160, 2286, 2410, 2475, 2609, 2754, 2673, 2486, 2385, 2335, 2211, 2141, 2058, 1794, 1783, 1683, 1599, 1488, 1384, 1225, 1097, 997, 946, 798, 691, 582, 483, 350, 244, 158, 59; 46, 186, 275, 421, 512, 648, 718, 857, 1026, 1100, 1162, 1254, 1391, 1571, 1648, 1724, 1834, 2072, 2093, 2293, 2221, 2509, 2570, 2634, 2783, 2828, 2659, 2707, 2588, 2468, 2361, 2251, 2131, 1934, 1975, 1772, 1610, 1561, 1438, 1300, 1190, 1050, 1022, 819, 737, 704, 505, 406, 308, 172, 50; 52, 168, 297, 430, 481, 670, 776, 923, 961, 1139, 1228, 1364, 1558, 1637, 1762, 1916, 1960, 2103, 2193, 2280, 2457, 2543, 2605, 2883, 2874, 3011, 2881, 2787, 2759, 2601, 2488, 2399, 2185, 2008, 1995, 1988, 1752, 1620, 1496, 1409, 1249, 1080, 1039, 864, 806, 645, 554, 423, 293, 173, 63; 61, 183, 293, 433, 579, 711, 837, 966, 1028, 1202, 1352, 1419, 1526, 1788, 1799, 1971, 2098, 2184, 2267, 2440, 2694, 2622, 2857, 2979, 3148, 3193, 3080, 2946, 2888, 2740, 2608, 2451, 2306, 2194, 2050, 1893, 1863, 1722, 1547, 1494, 1350, 1170, 1057, 932, 822, 678, 559, 452, 296, 201, 56; 66, 216, 328, 461, 583, 725, 860, 1017, 1110, 1285, 1405, 1582, 1757, 1819, 1923, 1970, 2246, 2281, 2426, 2596, 2600, 2831, 2957, 3061, 3221, 3336, 3239, 3089, 2993, 2840, 2642, 2537, 2377, 2379, 2222, 2056, 1894, 1761, 1664, 1525, 1365, 1231, 1136, 1021, 863, 704, 618, 430, 351, 198, 66; 70, 209, 369, 498, 618, 772, 879, 1057, 1138, 1351, 1521, 1603, 1702, 1816, 1970, 2135, 2371, 2407, 2606, 2622, 2827, 3083, 3096, 3271, 3384, 3414, 3548, 3370, 3038, 2926, 2885, 2729, 2524, 2420, 2311, 2215, 1978, 1870, 1679, 1582, 1426, 1294, 1253, 997, 924, 805, 661, 513, 331, 210, 59; 63, 218, 379, 481, 648, 728, 932, 1095, 1170, 1436, 1501, 1668, 1847, 1911, 2169, 2314, 2383, 2431, 2692, 2910, 3014, 3105, 3304, 3485, 3537, 3621, 3612, 3354, 3225, 3148, 2987, 2859, 2753, 2576, 2434, 2220, 2103, 1929, 1814, 1702, 1472, 1432, 1244, 1082, 945, 866, 607, 514, 368, 240, 70; 70, 248, 395, 549, 682, 855, 980, 1138, 1343, 1467, 1568, 1796, 1847, 2051, 2206, 2295, 2403, 2589, 2814, 2862, 3123, 3177, 3345, 3580, 3728, 3792, 3667, 3626, 3352, 3214, 2970, 2958, 2734, 2713, 2493, 2276, 2203, 1996, 1833, 1777, 1649, 1457, 1208, 1135, 1009, 819, 711, 474, 414, 264, 67; 64, 241, 400, 522, 660, 836, 1035, 1177, 1336, 1452, 1634, 1714, 1875, 2082, 2270, 2450, 2647, 2743, 2967, 3081, 3215, 3303, 3532, 3657, 3806, 3830, 3827, 3660, 3481, 3510, 3247, 2958, 2803, 2797, 2477, 2418, 2254, 2197, 1924, 1774, 1596, 1410, 1345, 1162, 980, 828, 696, 561, 379, 211, 81; 71, 242, 351, 515, 703, 891, 936, 1188, 1237, 1391, 1554, 1780, 1902, 1965, 2258, 2362, 2478, 2656, 2858, 2950, 3072, 3238, 3446, 3586, 3710, 3746, 3686, 3558, 3410, 3273, 3115, 2893, 2720, 2611, 2527, 2349, 2160, 2020, 1866, 1793, 1569, 1470, 1241, 1134, 963, 842, 685, 502, 376, 207, 71; 59, 202, 372, 531, 671, 773, 968, 1037, 1272, 1381, 1508, 1666, 1756, 1913, 2136, 2190, 2355, 2480, 2701, 2859, 3016, 3124, 3386, 3380, 3608, 3635, 3531, 3341, 3161, 3179, 2941, 2812, 2704, 2530, 2339, 2277, 2077, 1891, 1848, 1651, 1548, 1351, 1229, 1056, 946, 806, 640, 484, 347, 204, 71; 69, 193, 343, 475, 647, 796, 944, 1006, 1199, 1326, 1422, 1521, 1670, 1860, 2018, 2121, 2270, 2482, 2555, 2669, 2932, 2987, 3082, 3258, 3365, 3622, 3350, 3139, 3160, 3039, 2769, 2722, 2608, 2342, 2273, 2156, 1985, 1913, 1711, 1628, 1455, 1329, 1211, 1036, 888, 749, 684, 453, 325, 187, 67; 64, 201, 363, 519, 551, 706, 827, 1004, 1107, 1234, 1403, 1555, 1662, 1742, 1980, 2091, 2136, 2354, 2353, 